Webots Project File version R2021b
perspectives: 000000ff00000000fd0000000200000001000002bb000001f3fc0200000001fb0000001400540065007800740045006400690074006f00720100000000000001f30000006d00ffffff00000003000005d80000013afc0100000001fb0000001a0043006f006e0073006f006c00650041006c006c0041006c006c0100000000000005d80000004e00ffffff00000317000001f300000001000000020000000100000008fc00000000
simulationViewPerspectives: 000000ff0000000100000002000001610000024f0100000006010000000100
sceneTreePerspectives: 000000ff00000001000000020000010e000000fc0100000006010000000200
maximizedDockId: -1
centralWidgetVisible: 1
orthographicViewHeight: 1
textFiles: 0 "controllers/main/chenhao6_P2code/your_controller.py"
consoles: Console:All:All
renderingDevicePerspectives: tesla:console;1;1;0.025463;0.580587
renderingDevicePerspectives: tesla:speedometer;1;1;0;0
