Webots Project File version R2021b
perspectives: 000000ff00000000fd00000002000000010000023c00000237fc0200000001fb0000001400540065007800740045006400690074006f0072010000000000000237000000a200ffffff00000003000004f6000000f6fc0100000001fb0000001a0043006f006e0073006f006c00650041006c006c0041006c006c0100000000000004f60000004e00ffffff000002b40000023700000001000000020000000100000008fc00000000
simulationViewPerspectives: 000000ff000000010000000200000000000002030100000006010000000100
sceneTreePerspectives: 000000ff00000001000000020000020d000000000100000006010000000200
minimizedPerspectives: 000000ff00000000fd00000002000000010000025f000001d8fc0200000001fb0000001400540065007800740045006400690074006f00720100000000000001d8000000a200ffffff00000003000005d800000155fc0100000001fb0000001a0043006f006e0073006f006c00650041006c006c0041006c006c0100000000000005d80000004e00ffffff00000373000001d800000001000000020000000100000008fc00000000
maximizedDockId: -1
centralWidgetVisible: 1
orthographicViewHeight: 1
textFiles: 1 "controllers/main/ekf_slam.py" "controllers/main/your_controller_ekf_slam.py"
consoles: Console:All:All
renderingDevicePerspectives: tesla:console;1;0.32;0;0.158516
renderingDevicePerspectives: tesla:speedometer;1;0.679688;0;0
